1923
455.2 827.5 1747.2
3197.3 4515.7 2261.2
3127.9 6515.2 8249.5
5699.0 390.7 714.5
4823.7 6558.9 8053.1
3716.4 3326.3 8027.6
9951.0 9323.4 7031.0
355.4 5531.0 4646.3
3474.3 9916.1 5012.9
4464.4 4258.9 8905.0
4959.0 7402.1 6023.7
473.1 560.4 7887.4
9542.9 5468.8 8275.8
882.9 225.9 8157.1
2256.8 1513.3 5085.6
4446.3 8506.8 8976.8
1290.0 48.6 5323.6
5671.4 1606.4 5501.4
5518.3 3034.5 2746.5
2634.0 9330.6 8310.1
1111.8 8912.7 56.6
2519.2 1761.4 3920.1
8277.3 9508.8 1020.7
10.7 6600.3 8057.0
5196.8 357.7 6108.9
6203.2 5711.0 4327.9
6670.5 4065.4 5521.2
3501.1 9604.7 7556.6
4111.6 1929.9 6571.0
3162.1 5227.5 9939.9
9256.7 7099.8 2866.2
5903.9 839.6 8275.9
133.5 2921.8 7612.1
6401.4 7999.5 343.5
1374.2 3382.7 9611.2
5963.8 5263.2 9721.7
5550.9 6230.6 5355.9
6011.4 2222.1 1627.5
7881.5 5583.4 5932.1
2023.8 9588.2 1915.8
8307.5 2366.6 2785.4
5232.1 8236.1 1390.4
9649.0 2383.4 4228.8
1291.5 7142.2 3898.8
5250.8 9369.6 7710.2
4818.1 7628.9 9589.0
3653.8 8107.1 6286.9
7946.1 7380.9 4259.3
1841.2 4694.9 2927.5
305.5 8433.8 2016.9
3393.1 9971.8 6352.7
7578.9 7545.1 1742.2
6040.2 4792.6 2896.8
9945.9 5889.5 6807.5
5847.4 3557.5 2427.7
5692.7 7827.5 4231.2
5928.5 173.7 814.1
9286.0 2699.7 6404.0
4625.4 8299.5 838.8
6568.2 548.8 8278.1
3918.0 1778.9 1758.7
5735.9 2512.5 1857.7
2853.7 4142.6 3349.9
757.9 6358.2 2836.3
220.4 388.6 4711.9
9304.5 2738.4 2771.8
1504.3 9665.2 5777.7
2740.6 5142.9 3385.4
5397.0 5860.0 546.3
2789.4 9678.2 8036.0
8628.1 5782.1 7363.4
8256.7 484.9 3912.8
4233.3 381.2 2591.1
9183.4 3655.2 8828.3
2769.9 9067.8 3940.7
1679.0 3346.3 8325.7
9235.6 7036.9 514.0
4061.0 444.3 7154.8
7043.2 7569.8 5458.8
5303.3 7186.0 3982.5
3266.5 6290.4 283.3
2679.8 3256.3 1891.4
5286.1 7445.1 5424.4
2305.4 4198.5 5928.6
3141.1 1361.4 2011.6
2725.6 4077.2 5916.0
9751.2 7986.8 1414.2
4909.8 4807.3 9496.3
8544.0 2598.6 9535.0
4142.9 4689.1 2484.4
2045.4 9369.6 8385.6
6610.6 8731.8 8408.0
5095.4 4914.0 3222.4
8687.8 1416.3 2115.7
612.8 5796.4 7034.0
1178.9 2784.7 8628.8
8261.0 902.6 1937.7
6464.9 1849.8 1068.5
4251.2 4042.4 6383.5
9143.5 5223.9 1317.5
684.4 5403.2 5383.5
2053.3 1423.4 210.0
6921.9 9424.3 7447.2
5920.9 4896.4 6071.3
1612.5 4455.0 8540.6
4041.6 4706.8 1442.4
5529.3 5082.7 692.3
1056.9 1227.1 8053.4
3773.2 1751.4 7863.0
7714.5 7323.6 1912.0
465.3 9865.3 9139.2
7015.9 6856.7 4369.2
9953.5 3728.5 1846.5
4578.8 7713.8 7725.5
7127.7 2270.0 8469.0
722.4 5667.6 2935.6
5635.1 8886.7 5444.9
64.9 6698.4 8860.9
306.4 949.6 5112.5
9216.7 5095.1 6351.5
7493.8 7653.7 4384.7
6569.3 787.0 857.4
8149.0 7393.4 1079.5
3889.3 1731.8 4019.0
939.6 4268.1 9023.9
3741.1 6374.4 1969.5
3456.4 9368.7 9120.7
4051.2 2138.7 397.8
4471.2 4671.1 3533.5
3692.9 6272.0 2207.9
8979.2 885.7 6705.1
1188.9 4559.3 5751.5
7729.7 39.4 1081.3
883.5 7132.2 1305.0
9746.0 4468.6 4156.8
3607.8 6055.1 721.0
4238.1 5205.1 309.1
7709.9 6874.2 9900.3
9703.9 9012.9 3904.4
4893.3 659.4 8628.1
5664.6 2363.9 4304.9
7667.6 4418.2 8572.6
761.2 5289.7 6856.4
8962.1 9594.0 8406.3
6371.6 2928.2 4442.5
6535.8 654.6 2507.1
4767.6 459.1 7693.8
5003.1 8366.9 6741.8
4095.2 6155.2 1595.1
3405.3 1848.5 2412.1
7647.5 5232.3 6422.3
9163.1 1902.5 1775.6
650.3 5643.8 7957.7
5035.0 3984.1 2906.0
372.5 1366.9 5282.3
975.1 5253.0 7824.5
4427.5 6889.9 6940.9
6192.0 585.1 6350.4
5792.1 3710.3 286.7
9021.3 8924.0 784.4
9784.7 8555.1 6226.2
8752.4 6883.1 1974.5
446.7 5643.0 4009.8
5812.9 943.3 4669.8
3779.4 7324.6 8813.1
5702.4 1742.4 5797.0
4857.2 1762.4 7722.6
3396.5 700.0 656.5
6925.3 9846.3 7848.0
4619.4 2411.8 7615.8
2698.9 1204.1 5493.8
5527.5 7544.1 7123.2
7423.1 8123.4 2013.3
2568.0 1289.3 3679.5
1373.6 4726.1 6145.6
5322.1 8016.2 9003.8
922.5 5955.8 3294.6
6087.6 3186.4 9025.9
2691.6 3068.7 3756.8
5740.7 5090.3 4321.9
4354.7 977.4 7835.9
2676.8 9632.5 3441.8
3734.1 7573.4 2217.2
8225.4 834.8 7369.5
742.5 9511.3 2446.0
6174.2 9250.2 7794.3
5186.3 8145.1 4114.4
7716.4 1502.7 1387.0
8601.7 1119.6 3508.2
8378.9 6939.7 6123.2
4280.3 6244.5 813.8
2460.3 7072.5 8915.7
7529.4 4826.2 6510.7
1709.2 7601.3 7196.5
5455.1 9502.1 9475.5
1933.0 2715.3 2289.3
5723.2 1899.7 2486.1
4366.0 6453.3 6747.1
8092.4 7974.6 4667.3
3736.7 6813.0 5013.1
4835.3 3629.2 787.3
6507.8 4534.8 7985.3
6272.3 2710.2 1255.0
7428.7 5628.8 8250.5
3832.6 4758.7 7782.2
2902.3 3934.3 898.3
8683.5 8394.0 8960.7
6009.1 6554.8 9090.3
9994.9 5635.8 2606.0
5452.0 421.4 8001.3
3133.1 5048.2 2835.5
8172.7 8943.7 1503.5
622.0 777.6 1017.7
9169.6 3335.6 9163.7
4611.3 119.5 267.7
249.3 403.4 1501.1
8026.9 8498.7 3904.5
3415.0 3697.0 8204.2
5749.8 9264.3 7520.4
5735.7 3308.9 5173.3
7821.5 839.7 9713.1
6510.7 7216.2 5796.7
6809.1 9756.3 8273.0
4211.4 2301.7 952.6
815.8 5710.0 9959.7
9087.7 8873.8 3123.4
8552.1 8665.4 5365.6
7209.8 7071.9 2100.4
9115.6 1529.2 4010.7
7328.0 6147.1 71.5
2288.7 456.3 3615.8
3699.7 8401.8 9972.1
1442.1 536.4 134.7
2372.6 4114.4 7083.8
9805.5 9235.1 6221.7
307.7 9428.5 9829.5
2341.8 4386.9 9275.5
632.6 756.0 3500.2
781.4 8495.8 92.8
7985.0 3762.2 777.3
3472.9 2447.0 1091.4
1624.1 8099.6 456.1
8990.1 1333.6 1783.9
2274.7 1567.9 4813.1
2148.8 4689.1 2066.8
8048.5 2793.7 8147.2
7454.5 977.1 9513.5
115.5 3607.0 5028.2
1430.1 9951.1 6148.6
5182.2 2971.1 9780.7
6483.1 1965.8 3261.1
2673.5 6403.6 9428.2
8276.0 9018.1 2418.2
7359.8 2360.8 9944.0
4457.4 9966.5 1211.1
1959.2 7021.9 3507.5
8559.2 5915.0 2464.2
5788.6 4253.3 249.4
4947.0 3203.4 6694.9
7772.5 1943.5 2947.6
9513.7 9936.2 2007.9
2182.3 4981.2 2101.2
9139.4 8467.7 2191.5
9811.2 1597.6 2182.9
4928.5 8540.8 3201.2
1150.2 5019.6 1225.6
6654.3 13.5 7546.5
4114.1 9636.8 1902.6
6233.7 4495.5 9036.6
2940.9 7582.4 2999.4
3673.0 9470.5 3595.5
3570.3 4395.9 7356.0
6028.3 9551.0 2434.7
4908.0 5309.3 4954.8
8863.5 6823.5 988.6
2527.1 8426.2 6193.5
9074.1 7430.7 7388.6
4174.5 2607.2 7399.7
979.3 5931.9 9922.5
5785.2 9085.3 9368.6
9493.4 8711.3 5141.6
7504.8 9624.8 6671.2
2112.7 6035.6 2207.6
361.3 4571.4 6257.3
5198.1 1331.7 5272.0
4810.4 8647.9 4144.5
8586.3 2133.9 5347.6
2741.4 7617.7 3925.4
5367.8 1748.5 8258.1
5995.5 9437.1 15.1
2896.5 3027.8 1297.0
9225.7 2164.0 2622.2
4922.8 5168.2 5289.3
6510.8 8563.2 836.6
1931.5 2566.7 6806.0
6383.0 6057.1 7179.4
4316.6 2214.7 3474.1
1173.2 4165.2 5475.3
8748.4 5129.2 7095.1
2063.4 9607.5 1776.0
6551.5 933.8 1074.6
7453.5 6990.9 8042.7
2544.1 1976.1 3040.2
214.9 8601.6 8892.4
8789.1 3000.0 5571.6
1672.2 6258.1 7213.9
4085.3 1458.6 8447.6
3081.5 9306.2 4567.3
5026.4 3953.5 1898.0
8305.7 5258.7 3317.0
7825.3 705.1 1635.7
9483.8 7392.7 6827.3
6748.6 753.0 2244.5
2027.5 5112.1 5928.4
5471.3 6954.0 9687.6
5752.0 2131.0 7224.5
4482.7 3489.9 1344.9
3097.6 786.8 2287.6
9064.7 6106.5 6942.1
9207.5 7610.2 4602.8
5310.2 3077.5 9359.0
6978.6 4977.3 6327.4
6338.8 9872.3 6253.3
881.2 4797.2 352.8
5524.1 8472.6 9237.2
1910.8 5407.8 3152.1
5813.2 8928.9 3867.5
3657.2 9416.0 1368.0
5557.9 4984.3 3045.6
1787.4 251.2 9977.6
649.5 7872.7 5247.8
5770.5 9163.6 331.9
9137.4 7467.2 8269.9
7622.4 4255.0 7868.1
8752.5 1664.9 5163.4
5267.4 665.9 441.3
3230.1 2066.1 4412.4
5050.2 353.0 7822.8
9073.5 8555.1 1222.3
8165.2 1372.2 3354.0
987.1 5983.3 279.7
5224.3 1533.5 8701.3
4158.1 6117.6 8327.1
8042.6 9913.0 587.6
3845.3 6991.9 9356.2
6466.6 7173.2 4580.9
7371.9 1869.7 9139.5
8965.6 994.2 4444.9
7636.2 9238.4 2502.5
2703.2 904.5 8573.9
8935.5 1506.1 6679.7
2101.4 5323.2 3456.5
2976.1 2826.9 3715.9
7055.4 8279.6 2412.6
7492.0 1253.5 6169.2
8616.6 8096.4 5387.2
6462.6 6720.2 6851.6
6826.4 9862.5 2203.7
6232.2 6150.5 4383.3
3757.4 6845.6 1297.9
1389.8 7756.9 2646.1
3095.0 6790.7 4287.4
7369.8 4957.9 3189.9
7174.7 4108.1 9114.6
16.7 4245.4 3070.4
4676.1 2753.4 1843.0
7084.0 6574.5 6166.5
2034.7 4513.9 855.1
8194.3 3159.3 1817.6
352.8 7998.6 7668.7
5722.3 750.7 4020.9
1928.0 9127.6 975.8
9491.5 7794.3 4087.5
9377.3 7635.8 4814.8
5601.2 5549.7 4698.5
5041.8 1333.2 5605.2
524.8 2503.4 9019.3
4920.6 1089.4 5709.0
9303.1 3690.2 1289.2
304.5 8473.0 1710.0
8382.8 8466.0 22.1
6571.3 2166.5 4786.4
1649.9 9907.6 4588.3
9203.8 1545.8 8853.8
9530.8 9879.9 9155.6
7243.0 2414.2 3459.7
1953.5 4304.0 8258.5
5993.1 4919.8 7200.3
4924.4 9033.3 6708.9
4449.3 4080.3 7673.3
7780.5 4405.3 5117.2
2163.4 9289.5 1024.5
906.9 5322.9 7897.8
3808.3 5476.1 3552.2
9030.1 8361.3 5520.4
7779.9 5463.8 8028.0
2811.3 8940.8 1018.9
2297.7 1572.8 5319.1
4494.3 5616.8 6980.8
6824.9 9463.5 1942.0
6457.1 3692.5 5981.7
8613.0 1800.7 9824.6
9424.9 7561.1 2182.1
516.7 5096.8 2232.5
7020.8 6656.5 8911.2
2004.5 9729.5 5384.1
4714.1 4335.4 9860.6
8047.0 7854.5 6648.2
1173.6 745.1 4008.3
6155.5 8077.2 280.2
8867.8 8458.4 1819.1
3828.5 1793.4 6130.7
3304.6 6375.2 3136.9
1408.5 7787.8 8051.9
2641.3 2081.2 7540.3
3890.4 6176.7 8729.5
276.9 5196.4 115.5
9391.5 3589.9 3380.9
6703.5 3074.1 2552.8
7416.2 9179.4 5740.1
100.2 4676.7 3330.1
3567.3 6709.5 4504.4
3485.3 118.9 2622.1
3681.3 2058.8 9407.6
7275.6 200.9 1498.3
2815.8 433.7 5307.6
5353.6 8931.1 3567.9
4146.9 7298.1 2909.4
7932.9 9028.7 1485.7
5108.1 842.4 2584.6
8288.6 4626.7 8899.9
2643.3 4815.8 8778.9
2910.6 78.8 6200.1
449.2 4728.5 3667.3
7067.3 2753.0 7642.9
1128.5 1422.5 9423.9
2489.5 9665.0 1758.7
2106.2 7941.2 1610.2
7818.2 9880.7 3361.0
2029.7 7576.2 9370.4
7009.7 6683.6 6412.8
9177.9 4600.4 2245.0
9799.5 5156.7 7891.4
9481.6 8571.2 4446.8
1130.4 8803.8 2634.4
6364.8 9068.2 8832.6
4516.3 229.5 2580.8
1255.9 3705.0 6352.4
3978.6 1907.4 8056.8
3933.6 4171.9 9984.7
557.8 4133.8 1318.7
829.8 3796.9 4345.0
2769.9 4128.4 8276.8
9820.3 8203.2 5190.7
4787.7 5873.1 3548.3
4569.8 3134.1 5589.8
6055.6 1578.1 3710.9
1695.9 835.4 3247.0
6083.4 8530.4 549.9
1436.1 6342.1 3889.9
9271.2 7560.4 3446.9
6844.9 1231.0 7383.9
4066.7 8326.7 8814.7
8920.9 8161.0 2076.6
3684.2 6899.4 2501.5
425.8 1275.2 3993.0
7225.7 3623.3 2337.4
3916.0 6711.5 1151.9
6271.9 4760.6 3209.9
7635.8 1013.7 1827.9
4125.7 2843.7 9406.7
5219.2 9817.3 2844.5
4773.9 5399.2 6185.2
9787.1 8703.5 7533.0
5968.8 7756.9 6331.8
5377.9 4300.1 5704.0
4344.0 8617.3 5985.4
5122.3 9323.0 3529.0
1736.9 7961.0 6204.5
6485.5 9964.3 9686.6
1586.2 4632.8 4896.7
3045.7 7767.0 9631.3
9647.9 4627.7 5587.4
8859.0 4696.4 3237.9
3867.9 2454.4 8826.3
3147.0 7276.8 5463.1
2563.0 1303.7 9829.1
5379.1 2103.7 2125.5
6711.3 6368.3 8171.3
8413.2 7004.2 7888.5
7952.4 9597.4 1257.9
5971.9 4486.3 9658.0
8988.1 1341.2 9688.9
6488.5 7669.8 2087.4
1162.2 992.0 2304.1
2219.9 5614.8 2605.4
4008.9 1670.3 1161.3
886.1 1723.6 56.1
2541.3 577.7 9414.0
9827.9 8634.4 9595.0
6994.5 1032.2 8763.3
7225.4 5287.1 7514.7
6777.1 2995.5 1678.8
1988.0 6429.9 378.3
9752.1 7027.6 1543.0
7493.3 3775.0 2265.3
1593.8 8680.8 7580.9
5796.6 8446.3 2085.8
6854.3 5555.9 4929.7
6319.9 4627.0 2124.1
581.0 3625.6 6025.5
5305.0 3825.9 5009.5
2619.4 2495.6 906.5
6004.6 5495.4 6881.5
6709.8 4649.0 9398.5
1265.3 4929.4 1211.5
9413.2 9748.3 4604.9
613.7 3440.4 3179.4
5909.2 9659.1 6407.6
8868.2 3297.9 5424.3
5884.2 8881.9 1664.8
7064.4 8206.3 8408.0
534.3 3980.8 417.5
4423.0 690.0 4241.3
3866.7 7401.8 3096.0
2856.6 7752.1 4532.1
423.6 1889.4 1614.2
707.8 1366.9 5994.5
1704.9 1414.1 6717.1
3857.0 9593.7 1212.9
5531.0 6045.1 7083.1
3059.5 1071.9 7188.6
9098.9 8909.0 3179.4
4381.4 1671.3 6359.5
6048.5 8173.2 1255.4
680.9 2224.9 9809.3
2771.7 6658.3 8314.1
9111.6 4775.3 1194.9
2234.8 9335.1 8042.5
5280.8 6320.8 9431.8
2924.0 5566.2 7407.7
3915.2 7767.3 6787.5
3631.1 7551.2 7027.7
9400.6 5996.0 2455.2
7767.9 6569.2 6134.3
5699.4 5367.5 4258.5
9490.7 484.8 834.9
7723.0 889.1 1683.5
3853.9 5477.3 2490.9
5404.4 5121.4 5512.6
8502.9 8187.9 7137.9
5701.9 8923.3 9559.9
2137.7 3827.4 6826.9
4726.0 8432.4 5702.6
3312.9 7311.6 7092.7
2215.5 9550.8 3799.7
4668.0 7484.5 9281.9
944.7 5855.0 5618.8
864.8 3640.2 7393.7
4931.1 4565.7 4372.9
3690.4 8038.9 7937.0
7475.6 992.2 4843.1
9084.7 9040.1 8833.7
4912.4 2426.5 1963.2
5338.1 1231.1 6637.1
8861.6 3639.1 534.9
2758.3 4223.5 9601.6
9035.6 2421.7 2632.3
7615.5 2427.3 988.7
3322.6 1714.1 1585.9
2982.9 7052.9 3008.0
1006.8 8567.3 842.2
9129.7 608.3 5967.0
7742.0 794.6 3762.6
9217.6 3874.8 2722.6
4970.5 7459.9 9940.1
9952.5 2235.4 4654.3
2024.5 1098.3 1570.5
2546.6 4210.9 5194.4
5927.8 1272.6 2794.5
3715.3 1342.6 4210.8
2647.7 2152.2 5402.4
9910.0 574.5 5708.8
6955.6 1614.0 3380.1
4260.5 5617.2 8225.2
5612.3 2579.4 7916.9
1244.8 6683.2 3535.0
652.5 3332.2 5433.5
9834.1 2814.9 3625.2
1752.9 1283.5 1136.8
67.2 659.3 2757.1
7896.5 2716.7 683.7
5467.2 7310.9 7349.1
4021.3 3489.0 703.0
2717.3 1988.5 7159.8
6685.7 6361.2 7670.3
1532.1 1384.8 9086.2
8655.5 6269.0 9365.5
4465.4 5516.2 4110.4
9219.2 6757.1 9564.7
8483.9 775.7 9424.2
4379.5 5388.3 7349.6
5774.5 384.6 3954.7
3329.1 6824.1 3847.1
9257.6 8136.0 1567.3
7327.4 4913.1 1454.8
1966.2 3708.8 2630.7
8425.8 8287.3 2391.3
2704.8 4333.5 2225.3
6309.9 8382.7 9692.7
5751.2 3106.5 688.5
3700.5 4278.9 7229.9
1555.4 822.3 5112.8
3378.1 7506.5 5286.3
9258.0 4935.7 4308.1
1591.1 2135.0 4479.4
6850.3 4729.9 319.3
3004.7 5567.6 7112.4
3193.4 7325.4 7557.6
2156.7 4983.7 6065.7
8799.6 5353.4 3707.2
5779.7 1188.0 4757.3
9246.5 4947.8 7943.0
8912.6 4892.0 5316.5
3243.8 4176.3 647.7
7843.4 1098.0 4978.8
3649.1 6670.7 6345.1
7349.0 887.5 5056.4
7459.4 1032.2 5737.8
3441.7 9553.2 5988.9
7305.7 4042.7 6566.5
8979.3 1172.7 7905.6
9400.8 7621.6 9027.5
1121.4 2174.5 5608.1
600.9 420.2 4481.7
1283.7 2968.3 9695.7
3586.8 8511.1 149.6
5638.1 4993.0 7677.6
7314.7 9423.8 5485.4
436.0 134.4 4170.4
522.9 2743.9 1508.4
2574.2 2184.1 8791.1
8486.2 4266.3 8645.4
2346.1 7462.9 6495.6
3083.8 7416.3 2819.4
4131.4 9258.4 4600.8
1865.7 410.4 5599.2
2386.0 5484.9 3372.3
474.0 8036.9 7928.0
7226.0 2521.4 9417.9
7004.9 5067.1 1739.8
1634.8 5764.8 8206.7
5081.4 1315.2 630.7
7321.5 9919.0 8789.8
9432.3 6926.7 2872.2
5229.3 4332.8 4258.5
5575.9 7965.0 8381.9
9272.4 6389.0 1465.4
5046.5 9355.6 3559.6
7161.8 5667.4 339.9
4774.0 7512.5 3981.9
9813.6 2127.3 769.2
1785.4 7434.3 3971.4
949.9 7319.3 5253.1
6692.7 9663.0 3427.6
8571.5 2.3 7771.4
1156.5 9423.6 4242.8
5208.3 8406.4 6931.6
6739.6 2538.1 8409.4
9596.7 515.4 2469.0
569.0 5261.4 9538.5
7160.7 9794.6 6807.8
666.0 9704.7 946.2
9411.0 477.5 119.4
3022.4 8673.6 8553.5
5867.6 8757.7 5415.2
4743.8 8696.0 6592.7
6823.8 7424.5 9709.5
9306.3 191.0 5938.2
7157.2 2601.2 4422.8
5787.6 2570.6 883.7
3220.7 3826.0 446.1
1020.3 3445.0 6705.1
4699.2 172.9 1270.0
2076.7 4536.9 7304.1
4197.8 9351.5 5054.2
2334.8 5801.6 8328.7
197.5 5861.9 4377.2
1360.8 92.0 8894.1
2672.7 447.1 2323.5
6516.9 3382.4 8013.3
5750.9 4557.1 6419.8
7950.9 4363.4 4103.4
8105.3 7644.7 9066.8
5177.4 6411.4 696.9
8692.6 8070.1 5392.9
753.1 6361.5 5819.9
2155.0 5361.6 3576.9
2774.5 2989.2 959.8
4397.9 9530.7 568.2
6889.7 3034.8 2652.8
729.6 1254.3 67.5
7857.4 5882.7 461.6
4367.4 3212.7 3599.5
2159.4 7841.2 9521.9
4782.0 5356.3 9675.7
5391.7 3092.3 3751.9
4723.2 6106.0 8731.9
7675.7 7101.2 6389.8
4691.2 3341.9 9493.3
6064.7 5550.7 6296.1
8788.1 280.5 8009.8
1810.0 7894.5 9763.8
3225.1 9045.5 9277.2
8443.0 6027.6 4516.2
1074.7 8636.0 1117.8
3886.6 5865.2 8530.8
5829.9 8081.2 7765.6
8169.8 2052.8 868.6
7392.1 3476.4 1891.6
1517.6 1473.9 8009.3
710.8 4298.0 2578.2
5676.0 4022.1 3073.3
8873.7 8959.2 8810.3
5164.8 160.2 1116.1
2691.2 5431.1 6188.4
9394.6 4183.9 1207.4
3735.8 6750.5 3187.7
518.1 3431.9 1285.4
2219.1 6334.7 3270.4
5117.8 4579.3 5879.2
7970.8 1746.9 911.0
679.3 4961.8 5320.2
1121.1 9962.0 6012.4
4514.1 7516.9 2384.3
6456.9 8307.3 7099.2
4075.7 3008.7 3163.8
5700.0 7777.5 9536.1
4754.3 5242.9 1049.0
1407.8 6868.2 528.3
7017.0 8339.0 1877.0
2547.7 4252.2 3912.3
9948.5 4704.3 4166.9
7386.6 8557.2 2675.7
9941.0 8074.9 8478.1
932.2 3567.7 6221.9
2937.1 3204.5 4962.7
4594.4 5516.8 7668.4
6855.0 5209.8 5765.2
5378.9 8082.9 3194.5
8393.5 9578.7 4700.9
7969.6 3689.9 4238.0
3178.1 6405.5 8981.7
2322.2 1090.4 5534.3
5014.7 4279.8 2014.5
6622.2 2895.4 8787.4
2390.5 8234.0 3561.2
7394.8 877.5 1233.9
9474.9 4419.1 8591.1
139.2 9656.3 8342.7
3793.6 5794.8 7812.0
8422.5 1834.1 7495.2
9243.5 9474.9 9717.2
3854.6 9676.6 6948.6
9217.8 6896.3 2367.1
1514.7 5806.1 3049.2
3502.7 1958.6 1869.5
494.6 5249.7 7199.0
7717.2 5553.0 85.9
5085.5 766.3 9677.6
6114.1 4807.5 7804.9
9387.8 176.3 2721.4
2610.6 3268.5 7502.7
5774.9 1274.5 9571.2
6504.3 4244.1 3733.6
3694.2 7665.3 3994.6
1652.8 8554.3 1810.6
6550.0 4890.8 9087.6
7155.0 6160.6 6512.8
7772.9 3029.5 1612.6
7235.5 5108.0 9647.8
5880.3 2436.4 7525.1
960.7 239.3 9729.1
6686.8 9968.8 1565.1
4865.0 4965.6 2624.8
6757.5 3363.7 9918.7
606.9 5703.2 3595.5
3993.1 9918.8 8956.4
1322.6 9560.0 9060.5
3113.3 6549.1 2987.2
6164.2 2819.2 5732.8
3773.6 5309.4 4548.1
3281.5 4371.4 3516.1
2782.3 2434.6 4001.4
7693.8 9815.2 7165.3
3650.1 5182.5 5336.6
1517.1 7433.5 8445.3
9537.0 3631.8 3543.9
8425.7 1552.4 2799.1
2029.8 1834.9 3977.8
4552.8 1513.4 8977.8
6306.5 77.1 6256.8
2315.2 434.4 4463.7
5728.2 6744.9 7430.5
6534.9 3249.9 5495.4
9412.1 6881.4 3310.1
1311.4 9888.8 600.1
935.3 2480.1 8573.0
4865.7 8427.2 4068.2
7355.9 3903.7 21.2
5365.1 6457.4 1432.2
8993.2 9010.3 7607.3
184.7 5934.6 2955.6
1249.1 4495.2 8782.3
5057.1 4729.1 5979.3
2531.5 5919.9 7721.0
1445.9 1563.6 4674.8
2337.4 9987.3 3264.8
4883.2 2181.6 3054.4
6236.6 4711.9 2364.2
1295.3 1071.6 3147.8
7944.3 1207.9 1337.5
1627.5 8170.5 9430.0
3091.2 4519.9 1962.5
3937.2 6932.3 4119.4
9529.9 4932.4 3388.2
6732.0 7834.5 899.8
1714.9 6037.6 4409.8
1665.3 5216.9 7429.9
9356.7 6170.0 2141.4
1072.7 8014.5 6614.5
7738.4 2704.2 5914.5
2567.3 8620.6 809.8
2456.3 3890.7 8955.5
1478.4 8728.8 4624.3
8905.8 2142.1 1770.9
8688.0 6960.9 9436.6
4722.6 3702.1 738.5
9766.7 1968.0 3865.1
9388.1 1466.9 4063.6
5222.1 563.0 2741.6
8978.2 8510.8 2518.9
7415.9 227.4 1083.4
7086.3 8312.9 929.2
9932.2 5100.9 9127.7
1432.4 415.6 4133.3
9942.6 3350.0 7561.4
8857.8 7641.6 4776.7
9101.2 2342.4 2906.9
4460.8 9093.0 5929.3
6413.3 9019.4 5017.9
8025.3 3668.6 1528.1
498.3 2196.4 2208.0
2290.8 4310.9 6163.9
7230.4 4254.6 6614.5
5018.7 7802.2 3601.7
5609.7 6680.8 7797.5
7706.7 9223.7 8052.4
3404.4 6626.3 8272.1
940.7 6540.0 4707.1
9389.1 1753.2 1346.9
6096.9 6845.4 830.1
1652.5 1777.7 2664.1
3834.5 9482.3 2228.6
2203.3 7693.8 1341.6
4377.5 8009.2 3768.5
1864.8 5806.9 4610.1
3755.9 9843.7 2827.8
213.5 3810.3 3965.8
6428.7 26.1 1538.7
5273.8 1222.1 9497.1
3133.9 8995.0 1977.9
1275.7 4213.3 4401.1
1489.7 1082.0 1992.0
8583.8 952.9 8982.3
2209.5 9414.5 5092.4
7660.9 9082.5 9149.8
720.6 6623.0 6985.8
9545.9 1513.3 2277.4
2652.7 6268.0 1930.0
8794.6 7524.2 8292.7
4546.8 9126.9 2829.2
6359.9 93.9 7476.2
750.7 3400.5 1393.2
2035.1 3927.4 167.2
1258.4 825.0 7566.9
5316.4 1033.3 8607.2
4015.4 1959.4 3492.2
6963.9 6157.3 5182.6
3141.6 18.1 1672.3
6968.4 43.1 9722.4
1795.0 2054.0 7518.1
2987.8 5949.7 7693.0
5976.4 7024.2 4479.3
5764.8 5279.1 6739.8
6863.5 3979.9 5329.4
9392.8 5482.4 1594.6
5402.8 7426.4 127.4
6257.1 3868.3 9564.5
6698.1 8780.6 3723.3
4395.5 5363.1 1623.5
7886.8 9669.4 5222.0
5175.8 3223.5 8411.3
1271.6 993.9 7639.8
7141.9 6984.0 8671.4
4096.3 6827.4 2352.9
208.4 4601.6 4381.5
5239.8 2430.7 7268.1
9108.8 9471.4 4457.8
7139.3 1170.3 668.8
8434.3 5084.6 6422.8
297.2 6874.1 7411.2
4141.6 4237.0 6552.8
4026.4 5324.5 606.5
3893.7 2483.6 2809.8
8814.6 5901.0 3533.0
9983.4 6434.4 283.3
4947.6 7459.3 6203.8
2345.2 2029.3 538.6
8293.1 6766.9 1625.8
7956.0 781.6 570.2
5486.7 3987.7 1856.0
9803.4 54.4 6633.7
2251.8 1484.0 8464.3
8809.1 7118.7 5062.6
7656.1 2292.9 9706.0
5188.0 3496.9 3137.9
7049.9 6736.3 9054.3
6560.8 7418.2 1608.3
1597.4 1202.3 2793.1
3602.0 8165.1 1949.9
4158.0 7242.5 5959.9
4160.7 6208.4 649.8
42.7 8654.4 5962.2
5404.2 2129.7 265.0
3566.6 4632.8 2107.1
2993.4 1044.5 3841.2
616.8 7473.3 2028.8
8445.3 1832.3 8971.8
6121.5 2253.2 9107.4
4286.8 6966.5 222.8
694.9 8511.6 3822.6
2426.2 6846.0 2223.0
1295.9 1901.8 3374.1
2836.3 2288.8 3269.3
5158.0 1660.3 2398.1
1813.2 9339.5 8227.7
9398.8 1054.0 7242.0
6590.6 488.4 1553.4
6052.1 9428.9 6817.4
7304.6 3179.6 1273.3
6362.7 5465.8 5369.4
9713.4 743.2 3682.9
5607.2 3596.0 2317.1
5301.9 4542.6 57.7
9126.2 195.9 7123.9
9766.0 8136.6 6381.9
8580.8 1114.0 6231.3
2010.7 2951.9 4418.4
4620.8 7897.9 528.7
4167.1 7533.2 945.0
7605.9 7447.9 4023.8
9248.8 4092.8 2252.1
6673.2 6519.6 8387.1
5202.6 4119.8 4351.2
9787.5 4686.5 8604.2
2795.3 6415.7 6364.3
835.1 8052.3 6584.1
8934.2 3717.5 3316.6
4951.1 2451.7 9774.6
6498.4 1175.9 2001.6
3740.4 1875.1 5945.9
1376.3 8920.7 6378.5
6384.1 4851.2 6895.7
9843.8 9614.7 4897.3
3089.3 1965.6 8848.5
549.0 2035.4 5058.2
3006.7 3398.1 7000.6
2837.0 2906.8 8962.5
6736.6 5209.6 2087.9
6265.6 2526.7 7407.0
4489.4 7092.8 8912.3
2136.8 7372.3 5229.9
2135.7 9834.6 9158.0
3708.5 3321.2 6187.1
2659.8 3282.1 2033.9
6223.6 5954.1 1794.3
8862.5 296.1 5453.6
8005.5 7665.2 8677.0
4724.5 8535.9 4556.0
1673.3 8698.0 5644.2
3976.5 6503.5 2695.1
5187.5 9630.5 4755.1
3268.4 2703.6 9936.6
1129.3 2634.4 8240.4
4991.6 3377.9 2788.5
1022.6 8120.9 2239.3
3577.1 8604.7 6722.9
8006.8 5531.8 3156.4
8628.5 1595.4 3183.8
1398.2 3521.1 4441.5
4554.2 5882.6 9990.5
9759.8 2032.0 1179.0
8581.8 3537.8 1667.8
3272.0 8003.8 4700.6
2818.3 7352.6 9363.8
2442.8 7987.0 6508.1
2647.2 9063.8 8272.9
4203.1 6560.7 7459.0
2044.3 7004.3 3925.8
9537.7 2964.4 7161.9
5754.0 7534.7 1140.7
9663.7 5086.6 2145.2
5862.3 3161.7 4027.7
1349.1 9734.2 4438.6
7890.0 5696.0 8644.5
5319.1 2215.6 193.8
6505.4 7664.2 1989.7
7441.2 9542.3 7132.1
6245.5 2008.9 1801.1
1029.2 3053.9 6819.6
1304.8 4779.5 6316.5
5737.2 4764.9 5194.8
2798.6 2054.8 683.3
9663.2 9636.5 5786.7
978.1 4151.4 3562.0
459.6 9372.2 7042.1
8563.5 5480.1 1010.6
9270.2 295.4 7534.2
9137.0 2636.5 6687.4
7516.6 7371.2 1601.9
5912.0 4044.5 9148.9
5387.8 9367.3 5502.6
1205.1 3416.5 7511.1
4143.7 8681.8 441.8
2984.8 5467.1 762.3
5066.1 9550.6 2170.1
2827.4 2301.4 1133.9
1074.5 1854.9 3655.2
5565.7 9796.5 5711.5
2221.0 4491.0 3109.7
6422.2 1559.0 1449.2
8240.4 8620.0 2921.3
1068.2 5832.2 2786.1
6005.3 8018.0 4365.4
6972.1 2633.2 2169.7
4436.4 8582.4 6664.6
5633.7 9377.8 868.4
3376.9 6286.5 3972.8
3563.0 7755.1 4223.3
3995.7 5585.7 5712.3
1661.5 1190.6 4076.4
2965.7 2361.2 343.8
6977.0 8853.5 1510.9
2801.8 3261.0 7738.9
4682.1 507.0 4240.4
4122.5 1614.2 7320.1
3520.4 1577.0 506.8
1212.6 1146.0 551.0
587.2 1287.4 4331.1
7776.7 10.3 1328.7
6143.5 3047.6 8686.7
6780.4 7899.3 2065.7
4506.3 7928.1 8743.3
595.0 4922.7 2854.4
4106.3 380.8 5108.3
8519.2 6617.3 8748.0
6535.0 4799.1 8530.5
5533.5 3304.7 8621.5
5234.6 8305.3 3685.3
7003.2 943.6 8123.4
2013.9 4283.4 8618.1
9132.6 9587.5 5342.8
8684.0 3101.6 2818.2
1925.2 2675.1 579.8
9825.5 8164.8 9715.8
5492.8 7647.9 4691.6
8811.8 7435.4 6039.1
2526.6 1604.1 5144.0
3527.0 8192.5 5229.4
7764.8 3959.9 3044.7
486.4 6337.5 667.6
1645.5 3432.9 7472.6
835.9 409.7 6524.7
9611.1 7702.8 5199.1
6561.3 7589.2 8625.1
4120.6 4421.2 9970.0
5228.5 9776.7 936.8
8683.2 7530.9 7671.9
8479.5 4323.0 9461.7
3450.8 6878.4 5812.4
485.8 7239.8 3828.2
1642.4 5395.6 5678.6
4578.5 4148.0 2273.7
8887.5 5813.7 590.4
4356.3 516.8 2883.0
1327.0 2303.1 127.4
8475.0 767.3 2036.6
4380.8 3690.5 8782.8
9983.1 9829.3 1938.6
2187.1 6270.0 4816.6
8041.7 1684.1 3009.3
7713.2 9953.2 6435.4
6430.7 4557.1 1958.0
2282.4 2579.6 3791.6
7666.8 7169.5 4588.6
2911.9 3800.6 5910.4
193.4 9070.3 9213.4
3943.1 9628.4 2426.5
2170.1 6328.3 6576.2
5085.7 5322.7 1613.8
3562.8 65.8 6364.1
895.8 7705.5 4218.4
2770.8 9733.9 5160.7
9933.2 8249.6 4024.2
640.2 704.3 2253.0
9245.8 877.2 5499.9
9265.8 3753.0 4929.1
6975.4 3612.6 2032.6
5095.4 6896.2 3497.6
5492.1 1289.6 7037.9
8597.4 564.7 448.9
6917.8 7169.8 7080.7
9175.2 5725.1 825.8
8142.7 1578.9 4491.3
5135.8 4267.5 3343.3
2753.9 7237.9 8464.3
5629.8 1179.0 7777.9
5613.9 8463.1 8284.7
3303.3 2311.1 4330.3
7237.7 6490.6 6973.5
5805.1 9534.9 5566.0
3648.9 7117.9 394.3
1418.5 7714.7 1114.9
3640.7 1238.3 6394.0
7663.1 132.3 624.4
6371.9 9442.2 9139.7
6867.2 698.2 4610.6
5515.5 6115.3 8781.7
9045.7 5599.5 386.8
5102.4 656.7 8863.7
9770.2 8390.2 9059.6
4939.3 1674.4 9740.3
2393.4 8001.6 2945.0
5503.9 1322.0 5955.0
2686.8 4506.5 1615.7
128.9 9937.6 3956.5
9561.0 2876.5 9191.9
1824.3 6164.0 2143.5
6690.3 4561.9 7616.8
4606.1 7689.5 309.6
4904.6 6959.2 3169.2
8571.5 6655.2 9047.6
854.1 7247.8 783.8
805.2 2599.2 4487.8
775.9 8084.0 2306.6
7811.7 2876.7 8470.7
7888.8 4595.9 8836.8
8756.0 4410.2 6798.4
172.9 1777.2 7398.2
2097.9 6283.6 6656.7
9978.5 1491.2 2982.0
9869.7 7884.1 8715.1
8278.9 9736.3 4169.2
9085.2 1379.9 705.2
4064.7 2640.4 2221.8
4937.2 6822.9 1294.3
9010.4 8514.2 9649.1
1323.1 4142.8 3303.7
343.7 5987.7 3796.8
3996.4 8589.1 4853.4
6794.2 3725.7 6821.6
5072.3 5237.7 9762.0
4061.5 2850.3 4715.9
9061.4 4582.0 5995.6
1607.4 4799.9 1625.9
1165.6 4342.4 5209.0
6473.9 4531.5 5147.9
9656.2 6113.2 6740.9
9407.9 5528.6 1821.1
9687.3 3819.2 2741.8
116.5 2546.0 3577.8
3511.3 4628.6 1391.4
5957.1 9506.1 4094.2
1333.2 3843.2 2612.6
2224.4 4987.0 3584.1
2242.3 9267.7 3983.6
7199.8 1376.8 4835.6
1082.7 3507.9 7019.5
8004.5 5571.1 9523.4
2726.8 5207.1 6017.4
8933.3 2386.1 9562.1
7412.5 1502.4 9673.0
725.7 2889.2 6846.3
6416.7 3654.4 9754.1
4129.1 2519.2 2569.1
7789.4 5304.2 1232.0
9256.7 2495.8 1271.3
9139.0 9507.8 6185.1
540.4 7821.1 2009.6
5845.2 3733.5 9880.1
3424.6 1595.1 6598.9
769.7 1670.6 2545.0
8161.7 2806.2 5478.4
1583.3 8390.8 2806.8
106.0 5595.9 6680.6
6554.3 4411.0 9956.1
4512.9 3749.2 442.7
1637.7 5742.0 5050.3
175.6 4658.3 2009.4
8013.1 7430.4 7333.6
8859.8 1851.0 8753.2
3923.7 4254.7 833.7
4434.7 9151.3 8753.2
7246.1 4393.2 1797.4
8851.3 2152.7 2588.0
7222.8 312.4 1414.7
8687.0 2306.1 9946.5
7628.8 705.7 1213.2
7651.8 3152.2 8117.9
4587.6 9003.8 3719.3
2187.8 6593.4 5470.7
7884.5 1725.8 5207.2
3840.8 3857.9 5325.3
9709.7 7354.4 3505.3
473.5 1694.2 1453.3
9950.7 6846.1 4577.8
4642.3 2477.1 9535.7
3002.9 89.8 186.8
3035.7 5651.0 7238.2
4398.0 6682.2 6202.4
789.6 9453.1 4334.7
7588.7 6809.7 9755.3
7581.3 8367.7 9038.6
4476.8 7898.4 1047.8
7312.3 6662.0 4527.5
6714.5 8759.5 7015.7
3548.2 6473.2 5212.9
9884.0 4412.8 5572.2
9947.9 7004.6 8966.6
971.5 3500.5 1351.6
9574.2 4919.4 7323.0
7036.0 4207.4 5787.6
7677.9 6747.1 7611.0
128.8 1063.3 2024.5
2521.9 1611.7 370.8
8389.1 8026.4 4346.8
4979.3 4032.6 3214.3
9683.2 1803.6 3272.3
3712.9 7432.0 2762.4
1318.7 1285.3 8507.3
9850.0 7531.7 7831.7
495.5 7578.2 3499.6
9764.7 711.8 7943.2
6127.5 2656.0 9781.8
9552.1 5705.3 902.7
8067.9 7411.7 6867.4
8330.5 9809.8 6342.8
9471.4 383.0 7312.4
3027.8 2231.3 3292.2
1799.2 4533.3 8063.5
7451.0 4557.6 3260.7
4510.1 4127.3 5333.9
1517.8 8544.3 6660.9
2163.9 5501.7 790.9
8294.3 9925.7 2337.9
9643.6 8226.1 2817.6
814.4 7906.4 8576.6
6311.3 183.3 4366.4
2550.5 5819.2 3683.1
9056.3 1017.1 637.5
8.2 7191.4 3709.8
1390.6 3191.5 1602.4
9229.5 5010.2 6020.4
1311.8 3636.8 4302.0
1408.8 5795.3 6333.5
1169.5 4912.9 1271.4
6039.6 2001.3 7183.3
5095.7 9522.2 393.6
1772.4 4271.4 3169.9
5470.8 4224.4 8722.3
6636.3 4751.7 4045.5
5870.9 9456.8 2424.2
4096.3 6449.7 1425.0
8047.9 4853.6 8131.1
3732.4 2707.6 582.0
7253.2 280.2 8332.1
4346.5 2586.7 9733.1
4649.9 9465.6 4812.6
7652.1 4515.6 6301.3
8623.3 6451.8 5209.7
7615.3 8236.7 4296.5
6807.6 9878.0 1147.0
1395.9 3167.1 8532.4
9085.3 6058.9 2338.2
4015.2 995.9 6950.9
233.5 9025.7 3028.0
9193.2 4610.7 4778.4
6859.5 4533.6 1188.2
5072.5 3416.6 9535.9
9200.8 806.1 5671.8
4297.3 9909.7 3782.0
9477.4 5244.1 2800.2
2802.1 639.6 4594.6
7946.3 7764.6 8429.1
7783.4 7647.2 8845.0
7789.7 9330.5 7890.6
4788.5 9316.9 5302.1
387.2 1655.8 5673.6
6625.0 3369.4 1022.6
3101.5 7998.4 6744.3
1169.8 7556.5 5303.3
9675.8 546.1 2686.9
9594.7 2245.7 6472.2
6868.8 6593.3 5495.6
9105.2 5037.4 8015.0
854.5 836.6 8965.8
3440.7 3732.5 5813.0
8007.2 1562.9 1195.2
1929.4 8454.7 8185.0
8553.3 516.2 398.4
1756.4 4120.5 4809.6
904.9 2066.7 7794.8
200.0 7959.3 7896.5
1061.9 8296.9 8579.0
5723.0 5400.0 4140.7
9267.2 619.1 8591.2
8653.2 9595.6 813.9
8599.1 2906.5 8957.0
1511.7 6809.7 291.5
5224.8 1161.2 2335.1
8524.7 9708.5 9.4
4800.7 5884.0 1122.7
0.8 3645.6 8101.5
1717.5 9005.5 4689.8
7632.0 5059.8 444.5
5670.0 8492.5 1849.9
322.6 5744.1 9463.2
9871.0 9542.6 8688.1
5715.9 8575.4 5006.3
1144.2 2771.2 4386.2
3415.0 6757.5 5418.3
2126.5 8734.2 8963.8
6236.2 4432.7 8415.3
2304.3 1329.2 1361.6
7680.2 4281.2 711.2
3216.2 2701.4 1465.1
724.6 7761.0 2956.4
7156.5 796.2 6209.5
2238.9 1602.3 3762.0
5754.7 9014.3 7997.6
8482.8 904.6 5880.0
2804.2 1510.6 1305.6
5264.0 6430.0 1545.7
7271.0 3987.3 5217.8
1906.1 7368.5 8573.3
9254.2 230.7 2338.4
4803.0 6414.2 2630.5
732.3 6094.2 1622.8
8278.4 1632.4 3649.9
7116.4 5251.5 972.3
7022.1 7128.8 238.3
4023.8 6952.2 4592.9
3527.8 1363.2 4256.6
3696.3 7628.3 8728.5
8059.4 4072.6 5854.8
7562.8 8011.4 9667.0
3390.8 9279.0 3413.6
6210.1 7990.5 920.4
2351.6 8692.0 3857.2
2599.9 7963.6 8224.2
9272.9 2047.9 8936.2
2340.5 6627.9 1932.1
497.0 6498.1 5282.5
5996.3 6195.0 254.4
3121.3 9052.7 8165.3
5312.4 3585.1 3266.3
7104.9 2942.1 8320.5
3757.6 5864.1 3179.7
7290.3 8283.2 6573.9
733.4 8536.6 6152.3
7013.6 9550.4 6134.8
1768.6 7395.4 5582.7
5946.0 5830.1 9047.0
6407.8 2832.5 2364.3
9510.1 7649.8 6289.8
6120.1 9633.9 5387.1
7811.4 4623.6 4905.1
7216.9 8257.7 4410.6
7087.1 8944.4 6257.1
4560.6 6882.3 5737.8
3027.1 8089.9 6683.3
1573.4 3350.0 3200.9
7390.6 9142.1 9302.6
8179.0 8796.9 5377.4
5012.6 2518.2 7632.2
1914.4 4805.5 9658.5
2173.4 6150.7 3654.8
9507.9 4311.4 4526.4
5128.0 3744.2 3446.2
2296.0 7883.3 1189.1
8734.1 5161.9 3643.4
3027.0 4818.9 2129.6
8770.0 2911.4 6828.1
4190.2 4635.8 9338.5
362.3 4058.9 6148.4
5017.7 8211.2 1938.6
2791.4 1500.0 17.9
6945.3 4795.3 379.0
6164.2 6280.1 8046.5
3867.1 9667.3 1771.2
8864.2 1487.1 5361.5
4462.7 1180.0 2389.8
351.0 3232.1 731.8
3058.4 9691.9 5254.8
7226.7 9330.1 5879.5
1764.2 3345.9 3606.7
2533.0 9850.8 8.7
9904.3 7890.4 3651.7
6549.3 8077.1 2980.1
441.8 1474.6 7511.6
5947.9 546.0 1008.3
2209.4 415.1 8032.5
7186.7 4572.8 2057.2
2342.1 9069.0 7731.6
8513.3 3933.3 1167.3
2771.0 840.4 8901.3
1239.3 1393.0 3221.3
5310.2 9484.3 4289.3
4779.5 8077.7 854.4
1151.7 1622.9 6142.6
8815.7 8214.1 747.9
3781.8 4670.2 7661.2
3011.2 7124.5 8961.7
2884.1 7840.9 9147.9
8232.7 2997.2 3113.1
5027.7 3649.5 8916.0
9790.9 2022.7 5730.9
6284.3 9801.1 5539.5
7621.2 3674.0 1744.2
1113.5 9924.2 1499.0
3352.3 5780.1 3252.0
2195.7 6686.3 5178.9
588.9 7102.9 6588.1
7111.2 5508.5 3916.6
1004.7 3736.3 6995.5
3078.1 2832.0 6481.6
4127.3 7896.9 2054.4
3349.1 2003.1 5165.8
7608.8 9838.6 6471.1
8967.8 8124.8 5111.2
9379.6 4483.7 5935.4
4273.9 2244.0 4611.5
7659.5 6490.3 6101.0
3835.7 5209.3 7356.4
248.4 7896.6 7737.7
1290.5 8537.1 6255.6
7937.1 5499.1 7081.3
5997.3 3816.4 4225.3
393.7 4084.4 4460.3
1636.7 926.0 5766.9
2442.3 9013.8 1196.8
7475.3 7415.9 2047.3
198.1 9367.9 2119.1
6671.7 8605.8 4659.1
6140.5 436.9 9131.4
6161.3 1536.1 3986.4
4491.1 3218.6 8534.1
8954.5 2267.0 7920.8
5676.1 5898.4 2916.7
995.9 1555.3 124.2
722.0 2452.2 2640.2
6263.9 3723.5 5055.1
7887.2 789.6 9870.4
216.6 7033.0 7052.9
6113.1 8879.1 6576.9
9848.7 4845.6 3755.3
8674.9 6568.8 6080.0
345.4 7229.6 4802.8
7051.3 9611.9 2707.4
9705.2 4612.7 2130.2
289.2 4068.0 2903.6
5742.0 8559.9 6950.4
8965.2 4532.8 439.4
3405.1 2724.1 4407.4
140.7 4327.2 4283.8
473.0 196.5 3701.9
7602.6 7329.6 5352.3
522.6 717.5 4180.9
7898.1 7685.7 3692.4
3944.8 2796.4 2195.8
121.2 5124.6 5266.6
887.2 4329.2 3797.5
9022.6 8431.4 2715.8
6804.9 4154.1 8393.2
2496.9 7446.0 260.2
4163.6 8139.0 3251.3
5815.3 6567.4 7172.6
73.3 9780.7 4457.5
6025.8 7892.6 8629.9
8759.8 4080.5 4008.5
730.5 2558.4 4854.1
7613.2 1436.7 8275.8
8404.4 8006.3 9903.0
7683.5 6696.6 4428.1
8779.5 920.3 3289.6
3853.9 4102.7 3154.3
2387.3 8226.1 738.3
5924.1 9983.0 7187.9
4495.0 1681.1 5931.9
4343.7 6196.5 7671.6
90.2 451.3 5730.1
2999.9 4455.6 6306.4
8681.1 8508.4 2468.7
3989.4 4536.1 640.3
4634.2 4307.1 4970.9
8591.6 5974.7 4659.1
9521.2 8400.4 7109.8
8226.5 7365.9 7866.1
4686.7 1760.0 862.1
494.3 5283.3 9378.0
6136.2 4546.2 424.4
6428.3 4949.2 8647.4
547.3 1012.4 652.8
7637.9 5438.2 8126.5
3553.7 5609.8 1719.7
7296.5 3274.4 7770.5
1403.1 4113.1 6483.4
6849.5 3061.3 8376.1
8904.7 414.1 209.1
7032.7 1780.0 5180.2
3555.8 3778.8 9842.7
1738.9 517.2 8879.3
6552.7 4967.1 4080.8
1182.7 1592.3 9793.7
9294.7 6979.3 5737.0
867.5 397.9 2008.8
3856.9 5367.5 5491.4
4597.0 233.5 5921.2
8023.5 8735.6 4921.3
9279.3 7578.6 1261.6
529.6 6040.1 6502.9
124.1 5126.0 5416.9
40.2 1855.1 8028.7
2282.1 8258.6 8902.1
5008.4 9368.3 4698.6
359.6 3258.3 5310.1
9829.3 7421.9 3352.5
9431.1 3554.9 4806.4
2835.7 9298.5 2486.1
7521.7 1846.5 1572.0
7107.4 9730.5 5806.9
6875.4 8071.6 4188.5
6692.1 4539.0 9906.9
8622.0 7585.9 4247.5
4471.4 6132.0 7453.1
1458.4 6290.4 2634.7
142.0 5967.6 9263.6
6809.2 555.2 2917.9
3622.8 1108.3 2278.9
5506.5 2924.4 9302.1
9174.7 2249.0 1569.5
9264.3 86.1 544.2
1495.9 968.7 708.5
4254.3 1363.1 7384.1
4327.9 7518.3 3871.6
6986.7 7655.9 3188.3
8064.2 637.9 8165.9
1571.9 3652.5 5380.0
9822.3 4193.5 2320.5
3797.3 6324.8 3691.8
5629.1 8468.4 2454.6
6769.9 6301.4 3643.7
512.5 6434.2 4414.9
683.6 3927.8 7380.3
8801.2 7960.1 7499.5
9935.0 2113.4 7485.3
1288.2 9968.3 6489.4
5462.0 7133.4 4171.1
2156.4 5631.5 8080.1
5656.2 9896.1 2455.7
6645.5 5141.4 6748.0
1728.6 7365.8 8074.7
3583.0 3994.5 3164.8
3040.8 2073.0 6595.9
2746.8 9211.4 2437.1
9088.2 6396.7 318.7
9846.1 6809.4 2236.5
7739.3 8783.9 311.3
4568.7 3709.5 8600.5
3490.1 4257.6 4104.6
4520.1 9192.4 2863.4
940.2 7251.9 9755.8
674.9 9018.5 8481.9
9189.6 2056.9 931.8
4178.9 9488.6 1185.5
9009.6 8737.9 9840.8
9495.5 755.3 7702.3
5449.2 8912.8 3890.5
597.8 5152.7 9113.1
3293.2 4537.1 5090.5
2427.3 8238.9 4243.6
4697.2 9123.9 1305.8
6946.1 7311.4 2661.1
2399.6 2985.5 4663.2
7948.8 1798.0 7935.8
8982.9 6614.2 3024.4
1355.8 5398.9 4871.4
1940.2 1359.0 742.2
1655.9 3751.7 5352.1
7530.2 267.9 1291.6
1233.7 80.0 4069.9
8490.2 3329.5 6603.6
7603.2 8164.8 7195.7
1601.9 1485.6 1942.8
1761.9 9582.4 7795.1
1591.9 2366.7 8270.6
1256.9 3541.8 5616.2
5305.1 186.1 2695.0
9083.5 2878.0 9439.2
394.2 1601.9 5959.3
7644.0 9466.5 4865.9
9123.0 863.4 8494.6
9797.5 3373.4 3318.8
6527.7 5449.9 7721.1
1413.3 9036.8 1268.9
208.9 7855.0 3843.4
5393.6 4833.8 7416.5
8539.6 1795.0 7780.3
1355.4 854.9 3328.8
7891.0 8238.3 3379.5
5332.9 680.2 8224.1
3788.7 7364.7 9521.6
8181.0 3532.4 3750.7
3036.2 4336.6 1609.7
1666.5 1785.2 8322.0
2895.8 2525.8 5887.6
4655.7 2123.8 527.7
7400.6 5018.8 2722.7
977.1 1790.4 5345.8
3929.2 7644.2 4195.2
910.4 4295.8 607.0
1167.1 9167.8 5918.9
6149.6 2106.5 8160.5
9388.2 9834.2 8827.0
4243.5 1277.9 4119.7
6168.6 159.0 5465.8
4092.3 4341.8 9466.2
1669.1 2243.9 4394.8
5223.5 861.7 9188.9
2291.2 805.3 5695.7
3244.0 7751.5 2359.5
6168.7 3821.3 7800.5
1659.5 3537.4 6009.1
591.5 1638.3 618.4
423.6 4278.2 273.6
2409.5 2544.4 1108.9
3868.8 5028.6 6625.6
245.1 1098.1 3324.1
6716.0 6717.5 8013.4
3775.7 8939.0 2833.5
9655.3 3431.8 3234.4
6654.0 4925.9 3997.2
1998.7 4713.6 2684.2
2742.1 5822.1 8110.5
4591.7 772.8 41.1
1133.6 3967.6 5987.6
7398.7 4247.4 9074.6
7920.1 1934.5 6966.3
6314.3 557.9 2013.6
9839.5 482.8 9744.3
4680.6 5629.1 1898.9
6162.0 1731.7 1598.6
3283.7 6056.5 6361.6
770.7 8433.6 7668.3
2697.5 7064.4 2349.1
2171.8 6172.8 2471.1
3611.4 6172.6 772.0
8167.4 6396.9 2722.9
2052.1 2172.0 1156.3
8604.0 4783.8 1137.0
6628.3 98.7 1603.8
9151.4 826.9 8807.3
6012.5 1366.6 6410.3
8352.3 3975.6 7742.7
5651.9 9343.2 59.7
6314.1 1683.0 4408.0
3876.8 9429.1 5727.5
2558.7 3893.0 9483.8
4436.7 6934.3 647.3
2952.2 4109.2 1758.2
2829.5 2647.5 1350.2
4518.2 2253.8 4172.5
9168.7 5142.5 8405.6
5070.0 3420.5 8536.5
2749.6 5254.2 9684.3
578.6 9571.4 5649.6
7354.2 4324.6 6431.1
3782.6 2844.1 1782.2
9027.6 6227.2 7854.0
2436.3 5668.2 6143.7
5892.6 3880.3 4104.2
1100.0 9143.2 2199.1
1325.8 2216.5 9742.8
2898.3 1397.3 7339.9
1449.4 5914.4 4568.6
454.6 5373.1 449.7
4109.5 5634.9 4499.4
8494.7 9961.0 5966.0
8431.4 5283.0 7619.5
5127.2 8955.9 3280.6
7633.0 130.6 4472.1
5204.0 7158.9 8856.3
4952.6 4973.0 4061.9
3375.8 6124.1 3281.7
6083.1 1811.4 4470.4
2326.9 526.4 5987.3
139.6 8437.0 8400.4
3215.2 3577.1 712.8
6091.8 1244.9 9845.0
8739.2 521.6 6351.3
9107.2 8201.5 2449.3
478.3 1050.8 3252.4
6180.3 7646.5 7119.4
5236.1 9742.2 7637.6
2459.9 3284.5 6076.4
6485.4 7081.3 4578.9
7400.0 9185.3 1429.2
9883.0 4425.7 482.7
4887.2 8755.8 4424.5
1928.4 1234.0 575.0
644.5 2953.5 4544.5
5919.1 1090.8 874.5
3373.5 4292.9 7281.8
4678.8 3792.3 5497.5
5715.5 9424.8 4839.4
2083.8 3812.0 9177.0
2315.5 6004.2 3619.6
3821.7 8555.1 6209.6
7685.6 5133.8 1087.8
841.7 7412.1 8407.3
2383.6 2508.6 4956.8
3429.5 2768.9 3109.1
7763.4 313.6 4035.9
5579.6 6239.5 5061.6
9992.1 1873.0 9373.1
7185.0 3005.6 382.4
7801.1 9368.1 9318.2
2273.8 9034.9 6627.5
9815.7 6136.6 3447.9
8509.1 1205.4 4537.1
8513.7 5872.4 4541.6
2629.6 9319.6 11.9
9105.5 634.5 9757.9
7396.9 2724.0 7380.3
6750.7 3479.7 8960.9
8945.5 3053.3 3147.7
7975.6 7696.9 3032.3
6032.5 9188.8 7919.5
5370.5 5557.7 9218.6
4634.9 4541.8 5186.8
2419.8 6912.3 6554.3
6659.6 8315.6 727.6
6013.5 6398.2 3132.5
8579.4 6440.7 4573.0
2460.0 8199.5 5678.1
9071.8 7025.5 3555.5
3075.5 3755.6 6431.6
2844.9 662.1 4387.3
7180.9 6128.0 2848.7
9579.7 1838.4 6457.9
3751.7 7657.3 8305.8
2768.3 2819.2 7730.4
3222.9 9893.5 6630.7
2819.6 7400.4 2108.6
5323.8 9062.6 8987.1
2151.6 23.2 6949.3
2150.9 4112.2 7785.5
4771.1 5377.3 5412.0
3819.3 2197.0 8590.8
4785.4 8009.6 9957.5
6091.0 5177.9 444.5
8766.4 791.8 8148.7
8078.9 2316.8 7039.2
1372.4 2295.3 4158.1
8074.4 8624.1 6524.2
4685.3 9134.8 3579.7
8757.6 7930.2 5597.7
3948.7 8098.2 9409.8
4884.6 8539.4 6203.0
2555.6 8171.4 240.9
2670.7 1110.3 5617.7
7548.3 955.0 4026.1
1422.6 2167.2 431.4
9515.8 445.3 8609.8
7980.4 3433.5 5826.2
3191.5 2553.0 7071.6
5798.5 4326.0 5334.8
2612.4 4073.4 3142.3
7482.8 31.0 9424.1
8780.9 2915.6 8288.3
8371.4 4277.6 2373.7
6356.7 9171.2 6085.1
3813.7 9997.4 5200.9
428.5 2782.7 3973.4
1068.3 1462.4 7437.5
3048.0 297.2 712.7
4153.1 8054.4 980.8
4773.3 6.8 6274.9
8536.7 7396.0 8105.8
3872.4 6492.2 1107.7
9331.7 6420.7 758.5
610.6 6853.7 1695.4
2461.7 4298.9 8361.4
2041.8 7761.2 1371.2
3705.3 7644.7 9957.1
7837.4 4122.2 16.2
9424.7 1556.5 3730.5
7836.1 5027.3 2724.2
7186.0 7497.8 3755.1
7120.8 6196.3 6090.1
5157.6 1114.5 4791.9
5023.2 7091.4 8015.7
1758.8 9387.7 4647.5
5643.6 896.8 3957.5
3800.6 1646.9 7440.8
8553.0 743.2 2940.5
6483.0 804.3 3920.6
3362.4 7632.1 7904.7
2490.0 7091.7 7078.4
9147.5 9698.5 7782.3
4585.9 7175.1 5657.5
2810.8 8757.4 7623.8
4179.7 6088.1 7497.0
5956.6 1360.5 2169.2
5226.1 7321.7 5331.0
4220.0 5336.3 3896.0
9723.8 1530.1 6566.0
6953.3 9197.3 8012.5
7903.1 2427.0 1334.5
4472.0 2450.7 625.0
6566.5 1437.8 3065.4
6248.8 7264.7 837.5
3436.1 4551.5 399.2
2537.1 8196.8 7790.2
8239.4 8693.0 5031.7
1163.5 9475.4 7739.3
6089.8 8340.2 8252.6
1912.3 6474.3 3404.6
9409.4 1795.1 578.1
1104.9 4021.5 3469.1
9575.3 4811.1 2490.0
3164.7 5351.9 6076.3
1309.3 4272.5 9657.1
8318.0 9127.2 2247.4
1050.0 3298.1 7455.0
7855.7 7739.6 4599.0
7550.1 2765.0 7916.9
3021.2 3076.4 1873.3
3327.9 1325.5 6338.0
5226.9 7381.7 5776.0
3605.6 1760.7 8826.8
3802.5 6851.9 1032.7
976.5 1782.4 801.8
1092.8 2529.4 3471.3
9014.4 9648.8 9846.3
5024.5 9489.3 8872.6
9281.5 9590.3 7517.0
4215.8 8013.6 7436.9
261.6 7842.1 554.5
7520.9 2671.9 9866.5
3618.7 3989.3 5193.1
5233.7 6590.1 6899.8
909.0 7874.5 1718.6
7841.4 993.2 4611.1
2734.1 169.6 69.9
8414.0 2020.2 5153.8
9540.3 2844.5 9877.1
2557.2 4168.3 7771.5
3473.3 2763.3 5481.6
1379.2 4020.6 1615.2
9173.6 9813.4 7883.1
5243.2 3831.3 7136.2
86.3 953.3 9612.0
1692.9 5633.1 8241.5
2391.1 6026.7 4960.9
8178.8 4939.7 4445.0
4744.8 9615.4 7015.4
5863.0 8522.1 2779.0
3254.9 8701.5 5159.5
5259.1 4309.3 375.4
2956.8 6204.4 8610.0
6281.4 4546.4 3574.2
3155.4 2731.0 4461.6
2900.0 8264.0 5802.8
5698.2 7568.6 3710.7
3478.7 2375.6 8255.2
9309.6 4932.9 7418.1
9461.9 4948.7 3294.1
3545.1 8050.7 9730.5
8124.7 9447.9 8841.8
3628.1 6818.9 8080.6
3528.5 4042.7 2113.8
8934.7 6123.0 4919.3
7665.4 4522.0 7247.9
3987.1 2184.9 6470.7
8721.7 1165.8 3502.7
8877.6 8308.3 8786.5
385.9 3375.0 1764.4
9718.6 8577.3 4900.5
7924.2 5509.2 1972.5
2717.2 8678.8 7951.5
7320.0 7124.8 9527.4
2702.6 6528.2 9363.6
9734.6 8423.4 2060.0
1139.0 888.5 6661.4
2548.7 6949.8 1625.7
4965.8 6786.2 806.5
2217.7 3915.3 4811.0
3356.3 3406.0 4792.3
3724.0 2192.5 9692.4
1874.4 5926.0 1537.3
6203.3 1349.5 5601.8
35
5063.71 3808.22 277.21 0.5561
5057.49 5270.23 7119.18 1.5088
1396.20 5912.72 6447.77 0.3723
5133.59 4892.71 5711.71 0.9703
8992.12 5749.50 497.10 0.6133
1837.29 2262.25 30.41 1.1424
6697.35 5579.19 7999.72 0.4398
6081.60 5182.13 5900.16 0.9618
6920.81 1441.43 510.58 1.0851
7688.09 7547.66 859.48 0.0893
5264.15 7726.11 2032.16 0.3571
7730.31 7415.01 5312.06 1.2610
9936.46 7086.20 374.37 0.8263
1542.39 2199.64 3062.42 1.2374
3064.78 482.52 2093.13 0.3759
2719.13 949.11 9810.13 0.7540
4377.82 8070.88 5318.62 0.5382
5340.48 9179.41 8231.41 1.2147
7682.05 2950.77 815.08 0.3808
4321.44 8079.91 8717.51 0.2982
9408.98 4898.68 8791.16 0.0725
1461.05 4629.18 1871.54 0.3360
4365.45 3736.35 7239.44 0.6321
5141.50 836.93 5864.54 0.8183
6396.56 4629.64 5448.31 0.3183
4875.01 298.41 3658.88 1.3139
6577.33 174.13 3366.62 1.4112
3882.68 99.60 5276.41 0.7669
7269.80 8831.67 4568.59 1.5034
9004.39 6397.18 9848.37 0.5252
402.80 4571.80 1734.82 0.6917
2142.65 1912.65 3259.49 0.5590
5306.96 9736.03 8932.02 0.3124
2000.27 6244.71 9977.45 0.1186
7653.07 1571.53 8275.66 0.6381
